36
73
76
31
18
49
40
45
56
62
50
46
50
27
49
84
60
35
51
88
88
65
69
47
72
57
73
181
64
131
59
59
67
72
58
166
181
85
104
33
116
116
231
135
69
136
55
113
151
83
99
33
102
30
28
163
13
95
93
64
35
57
36
3
130
144
61
40
55
30
87
55
49
100
7
230
56
83
48
50
48
170
259
48
106
100
66
78
34
68
52
63
94
104
63
20
88
95
96
211
126
69
99
111
158
57
79
110
77
73
205
36
118
170
84
145
122
45
166
40
97
36
48
68
76
84
25
63
93
149
100
32
17
84
88
36
34
103
135
97
36
76
39
32
228
166
41
182
177
119
110
67
176
227
250
79
74
146
53
165
126
129
36
67
63
141
