16355515
13185239
12138949
12685643
16660257
14375547
16546519
16484271
13488922
14011105
18114926
15886543
12322111
15028307
19109841
16876598
15418937
14503654
17182219
13421825
16320399
18145684
24311361
17915230
8763345
15618444
17226160
17103401
14332849
13372094
10659969
13523559
11755645
18336644
18024649
11009997
15936629
12208650
17259195
21156703
20099027
21101838
17055224
13353297
12959347
11327593
14091860
10406327
18500782
18471774
14237891
15618277
14161519
8279002
15709495
12954139
10920694
8307854
19628315
19860049
13059689
4858370
11685092
12037829
15763553
12799283
12232160
11532311
10424345
15142170
16931053
15022092
12336408
9842892
15108697
16851325
16257653
12193651
8886817
12806811
14201491
16738425
16901847
14188653
14097871
12497697
10492380
11760590
19028950
16344786
13484887
15370852
17130849
14636839
12471662
15173940
17963000
15214938
10727587
13229587
12762777
12188112
14672803
14264453
12753706
9350241
15138015
14804630
15031184
14321444
13726672
9956939
7487464
10257692
16813319
17794538
13413787
14150230
12475872
13921835
14007485
11451756
9265774
15343966
18819479
20638697
16983702
11278569
13516725
9481251
15321382
16147989
16947113
16981406
19949459
13983532
13187246
19610235
15192137
12674597
11714415
10930496
12982115
15945619
9959861
11489422
17576552
13318833
12085905
17923033
17787123
14849548
15064765
12891388
13316244
14935387
15659161
15247500
9500506
19106196
15906623
16086271
8208759
13794313
19991100
17804970
17003065
18796579
12157849
17956098
17050192
12155107
11146973
16797857
14433986
14056929
16633077
10040185
15915509
12734409
16152948
15638433
11294867
16339827
22508201
16805647
15425356
13016335
16090789
14405340
14062005
8623809
12268518
13972330
12159522
10128590
15733651
16292903
16610628
13182320
15880912
14910857
15386764
17738236
18828385
14812504
12060472
16567639
14118469
10791315
12156413
19434828
18255218
12277885
12139513
13312977
12048300
10203405
9319139
10766232
14327884
13264517
12546348
16923564
16440714
20229089
21206327
23292621
16481867
10080641
9671646
6589160
18068321
19885739
21063573
17220991
15356086
16544211
14877797
10501887
11978694
12769884
13990495
9461485
14784258
20678460
17503414
12308213
9294206
13714618
10262843
13820951
14487551
16747214
17670173
17640601
10394735
9409336
18105935
18124999
15094283
12836840
18894851
18162618
14221888
13669327
12399862
13100963
17374256
15105586
13407319
15635576
19154861
12506314
11825692
14953658
11931908
12699595
11391158
11175312
14353845
10460812
14073595
15518514
13538687
18058858
14644674
12993821
15669499
16674473
16422729
14840857
17767180
10111888
15172421
15862496
15871943
12018201
13666835
12897314
13533262
18466066
19341366
19624458
11546582
8830444
8822977
15462789
13529410
11505838
11759955
13982372
13804826
13496526
14974205
17855211
17233997
18602513
19733386
15381384
17842463
17090497
19773386
12375599
11639526
21748387
18772575
12179030
6672708
14991728
14156860
14625812
13172326
15571227
17213059
12530193
11045975
14272185
13242872
13674020
19402738
18241411
12596279
12877861
13866734
14982699
12612249
13986848
17284941
14691908
16380601
16754696
14626886
22026363
22727608
24194926
15198467
17343542
16072275
11264540
12132127
12700462
11704944
10741073
9748065
15502448
18582919
18488251
10655159
9560845
11699048
16547682
13819333
14061348
14713897
15876296
10787179
12415081
10782048
13924803
15796580
14715540
14228629
14787494
12970200
9130803
10263057
11234640
9613057
11999159
12470889
12441106
11034330
14015581
15140250
12013171
12102465
16233576
17013375
13811087
14243387
17937813
15126045
11532680
10496804
12916221
12729042
12932490
14396775
13026405
13989363
15147193
13701515
11931295
12339335
13202284
16470525
18120208
23352142
22444036
16095914
16217934
22142071
15212123
12764073
15025322
17250481
15507349
17166975
15726693
21008069
15587930
13405580
15460298
16843900
18172433
12038821
12664712
11301394
13350069
12779189
18440661
19021471
15384703
14811230
13751179
15076857
19962063
16839580
18794046
13885555
16536407
16130220
15254344
11740947
7000037
12871699
20039779
16759843
15538876
14943771
13772519
13559834
14872257
19494561
12011803
17852915
17238225
13058864
18376027
14708419
11073295
9433699
15383438
10020008
14067793
19047136
15777383
15027009
19904511
19389281
14312132
14332911
9081832
12587038
12643045
17974812
18093009
13083625
6284489
13662566
13194745
9161193
15770874
18640025
15196234
4324184
18007627
19595446
16181219
11904021
11496655
11213891
14969902
14314209
17371044
18899130
19303041
12311057
17306809
18288359
11820681
6997822
18537742
13562667
12792102
14114524
9127828
4674667
13535975
15557946
10284756
17321044
11364232
9205187
15866410
12166108
14345620
21145894
14096805
12676237
13151418
12126403
9511687
15547878
13563354
20444526
15839933
13552663
18326013
18742542
17788972
15050913
16296579
12378133
3712901
13266817
21127571
21618098
14386468
17658884
20407377
17005754
14328518
5102211
8799648
14004764
16582590
18194366
17209391
11836432
7793270
14598327
21591004
23865802
16579578
11207847
9575798
22225789
20987808
20202701
21775496
15405540
12418460
12680033
17215804
12876360
14950363
12365834
14358691
16120451
14603560
17987232
15635854
14186763
13950740
13113031
12248106
7970750
15211748
15523565
21207658
18823109
12882860
19800030
21604115
17592360
13056011
7318534
10156193
10851175
13886320
12324604
16495946
18607275
17815591
19540706
15433793
17101200
18014438
18194576
16429353
15543774
10498553
10884553
17768988
17871956
13840694
18134522
13492932
16829761
19662202
17265645
16153308
15097215
16541885
13663852
7427148
11406848
13912521
13237576
14916081
16879922
16513194
16131018
9878540
11453117
8224677
12879594
17480152
12147877
13939979
17626178
13852027
15457714
14365637
16534711
20376154
14908050
12296524
17343862
10828995
19787402
10096401
10031229
13297674
13882106
13948958
14891320
11443167
15835044
13964155
13325686
11082957
17540002
15340520
14441535
16564995
17615716
18976166
16942650
14532326
15845391
15131373
16307562
13467976
10794470
10550095
18047489
20185319
10059045
14425095
13009182
9959633
11423783
16162945
14371959
14508034
9411372
18128897
16923112
14302778
9356632
7072318
12251861
14982642
16578918
13544539
7503510
10308124
19448273
17612606
13449700
9215321
17480483
21433236
18229745
15152509
14233471
9887768
9722365
11766665
13636421
11738936
17789630
18911340
16938101
13141894
11076401
14397519
18072585
16337517
23474994
19215991
17466079
15128190
15265868
19157418
19985431
20594059
14641397
13439659
17072805
7603949
5916445
14971029
19296230
9879429
6606660
11685536
15732297
14836480
15214217
9422774
6278161
12858541
16830423
18751510
11740251
15912264
16032679
16094805
19109696
11754489
10435022
15071168
13227347
16054656
15001701
19936479
12386280
18078110
16390922
15102833
18238444
17532499
13177312
15171035
15375853
7981140
5770816
15835009
17140512
17318324
19772326
17231643
10849382
15297488
18280541
16094878
5943902
13651732
11417908
10884303
16986742
16608440
17097490
20321540
18140838
12344133
15010693
21118609
14865623
14600919
16014145
18686037
9366400
12471945
17519942
13611055
10860170
14161188
18925366
17461973
12329556
12587999
14369337
14448698
17670864
14857286
15810191
11196090
9018733
15157797
13425936
17434913
16929319
12196115
6545386
12459877
15394834
11528963
5065861
11162872
16804806
14052118
16570708
15901033
8230022
9354717
10742741
14645499
17600884
18046022
18496086
13192564
6928084
16719725
8960227
16263698
16788943
17378911
20769598
20357729
17928935
8618502
16334922
17231604
20450994
17767330
13558944
17831145
18962714
18973181
17390572
19238230
18335574
15764215
16280395
19228895
12852050
11383467
10010793
8559332
10719155
16419855
17162425
13422717
13206160
9950750
10364626
17560535
14876760
13905808
13463969
12850771
13025056
17245707
17344244
15639305
16139706
15732442
14368511
10656822
11825314
16727114
13309322
20808580
19372009
18243928
14110301
9955852
5697057
20749456
15759561
15674917
12454468
14148090
15539915
13961918
14684597
12940337
9505687
14795378
11303027
9813918
11291979
17499695
10785486
9022441
17212381
17909282
18177502
13836780
16956507
16501330
22006178
16245453
19617118
17762032
14269412
19093399
10689075
2322177
9842311
15622717
17358260
16348071
16804401
17441394
13839010
16676798
13117077
13347773
14512797
16420690
18564498
16346622
13426001
18306871
17601431
13488958
9756015
15154305
11021615
10844602
11701556
16118452
16434633
15857383
16981628
13149720
8616161
16761784
15157404
14038381
16007992
19531052
23128312
12390175
6949958
13304340
16426371
20992798
23447554
17418148
10789022
7214078
12825200
15044130
14820605
16069785
19152893
7886935
7848322
12612781
19027369
17020702
10444545
16647748
17414794
18598879
13134391
16205589
20558223
21190904
8583517
17431930
12591948
14025177
12163455
17390820
15389495
12521122
8647480
10506417
14485832
11710169
18094832
17842243
18685303
11133611
16417513
10443268
14946122
10951235
20608650
18784798
14266815
17742347
11955456
6337543
12380829
16047726
13272704
9760678
11321330
14354074
12416602
13213168
11553847
16535333
19075777
18081922
10852814
16328004
13106051
9856187
18835738
19580717
19701256
14344111
13950021
12960876
15729694
19171080
7495455
16000551
16022144
13799737
17069178
12347164
10645306
12229383
11861776
15258134
14394148
12683184
13987168
18994730
17167571
9346367
11007162
17256874
20882477
18290415
12893176
12073770
11327178
15663558
12152479
13057854
9014545
13049505
18466343
15930088
18933166
10210995
11887808
16939086
18813144
15968011
11157432
14831420
16998303
22500632
20963412
19492304
20078673
19445809
12025429
18964927
14690949
4805152
8708407
8544461
17180791
23350628
18357277
4031730
16437781
20111748
14851441
9668239
16949423
13601649
17609040
15055322
15549238
7478484
20187522
14577500
12329809
16550562
22524595
23422661
18438311
15944738
12798464
8557330
16384725
14822054
11662991
13151150
15123750
13109625
12710653
7795158
13613252
12333486
10013855
11667556
17931370
17835907
14151383
9181242
13942728
12788786
15429342
16085331
15143183
11154406
12309645
16062292
9048322
17142532
15890999
11767275
11559656
10990975
6227271
15239210
12582518
16876783
18012581
17494095
12901150
17868753
16220557
16282859
18708881
13677831
18910887
16244239
18269154
21707407
14060764
13512373
19668726
21959351
16390119
16350332
15865022
11327000
17308622
17739553
17709683
15778167
15088462
12956812
17135345
13582902
7219251
13929788
12676016
15437266
18276820
15290333
13698362
19554721
20817271
14970744
13124177
10827207
9284562
15896430
17074094
18496606
12283675
10213593
17828356
12604875
6965792
15611382
12613718
18288849
16877171
8023650
13374495
11291329
17032106
11257214
12953635
18846014
14933402
12805002
12932949
16562413
16201561
12450491
11799624
20315636
16062776
15668027
10330838
3603193
17676531
19867787
16035166
9862471
17722469
23454564
21325443
21628180
21814109
17002147
12733193
12544807
8691323
15336002
15285129
18886069
11624175
17344231
15530905
16228977
17375457
15413953
10681849
10219732
4464679
14581652
14405387
16690946
