18012581
17494095
12901150
17868753
16220557
16282859
18708881
13677831
18910887
16244239
18269154
21707407
14060764
13512373
19668726
21959351
16390119
16350332
15865022
11327000
17308622
17739553
17709683
15778167
15088462
12956812
17135345
13582902
7219251
13929788
12676016
15437266
18276820
15290333
13698362
19554721
20817271
14970744
13124177
10827207
9284562
15896430
17074094
18496606
12283675
10213593
17828356
12604875
6965792
15611382
12613718
18288849
16877171
8023650
13374495
11291329
17032106
11257214
12953635
18846014
14933402
12805002
12932949
16562413
16201561
12450491
11799624
20315636
16062776
15668027
10330838
3603193
17676531
19867787
16035166
9862471
17722469
23454564
21325443
21628180
21814109
17002147
12733193
12544807
8691323
15336002
15285129
18886069
11624175
17344231
15530905
16228977
17375457
15413953
10681849
10219732
4464679
14581652
14405387
16690946
