6
5
8
5
5
6
4
6
8
7
8
6
9
5
7
7
9
4
10
11
8
5
5
7
6
5
8
12
8
11
7
6
4
4
8
12
19
9
9
4
10
9
12
7
6
7
6
11
10
7
13
5
10
6
5
11
5
10
12
5
6
7
6
1
6
15
4
6
5
5
7
5
9
11
4
11
8
6
5
3
13
15
20
13
8
17
11
9
6
9
6
11
10
14
11
7
10
10
16
16
12
11
14
16
13
12
8
12
14
8
11
5
9
12
6
11
8
8
18
10
13
7
8
11
9
10
6
12
9
11
12
6
4
13
11
6
7
12
11
14
8
7
8
7
19
13
8
14
12
15
15
12
16
15
28
10
15
16
9
19
19
19
14
8
11
15
